p
  base_p.png: 3.08739 7.25647 9.85654 11.24994 21.98265 15.19606 21.92814
  move_p.png: 3.08739 7.25647 9.85654 11.24994 21.98265 15.19606 21.92814
  resize_1_p.png: 3.08141 7.10097 9.83011 11.02219 21.48572 14.63247 21.84883
  rotate_2_p.png: 3.08739 7.25647 9.85654 11.24994 21.98265 15.19606 21.92814
  rotate_p.png: 3.08739 7.25647 9.85654 11.24994 21.98265 15.19606 21.92814
r
  base_r.png: 3.09299 8.50707 11.11554 11.42884 -23.69627 15.68433 -22.70326
  move_r.png: 3.09299 8.50707 11.11554 11.42884 -23.69627 15.68433 -22.70326
  resize_1_r.png: 3.08607 7.46376 11.19000 11.32974 -23.37511 15.12344 -22.59552
  rotate_2_r.png: 3.09299 8.50707 11.11554 11.42884 -23.69627 15.68433 -22.70326
  rotate_r.png: 3.09299 8.50707 11.11554 11.42884 -23.69627 15.68433 -22.70326
w
  base_w.png: 3.05277 7.16451 10.47733 11.86639 -23.03825 -15.44865 25.34724
  move_w.png: 3.05277 7.16451 10.47733 11.86639 -23.03825 -15.44865 25.34724
  resize_w.png: 3.07329 8.14095 10.48250 11.97118 -23.29612 -16.04187 -23.41777
  rotate_2_w.png: 3.05277 7.16451 10.47733 11.86639 -23.03825 -15.44865 25.34724
  rotate_w.png: 3.05277 7.16451 10.47733 11.86639 -23.03825 -15.44865 25.34724
